00000000000000000000000000000000
00000000000000000000000000000000
00000000000000000000000000000000
00000000011111111111111000000000
00000000011110000000011000000000
00000000011100000000011000000000
00000000001100000000011000000000
00000000011000000000111000000000
00000000001100000000111000000000
00000000001100000000111000000000
00000000011000000000111000000000
00000000001111111111111100000000
00000000000011111111111100000000
00000000000011000001110000000000
00000000000011000011110000000000
00000000000110000011100000000000
00000000000110000011100000000000
00000000000110000111000000000000
00000000001100000110000000000000
00000000001100000110000000000000
00000000001100000110000000000000
00000000001100000110000000000000
00000000001100000110000000000000
00000000001100000110000000000000
00000000001111111110000000000000
00000000000000000000000000000000
00000000000000000000000000000000
00000000000000000000000000000000
00000000000000000000000000000000
00000000000000000000000000000000
00000000000000000000000000000000
00000000000000000000000000000000
8
